0,481
0,480
0,479
0,478
0,477
0,476
0,475
0,474
0,473
0,472
0,471
0,243
0,470
0,469
0,468
0,467
0,466
0,465
31,2
0,464
0,463
0,462
0,461
0,460
0,459
0,458
0,457
0,456
0,455
0,454
0,453
0,452
0,451
0,450
0,449
0,386
0,278
57,4
57,3
57,2
0,9
57,1
57,0
56,52
56,51
56,50
56,49
56,48
56,47
56,46
56,45
56,44
56,43
56,42
56,41
56,40
56,39
56,38
56,37
56,36
56,35
10,197
10,225
10,68
10,305
10,122
10,315
10,106
10,101
11,16
9,5
9,2
8,7
8,18
8,14
8,10
8,8
53,5
53,4
53,3
53,2
53,1
53,0
42,3
42,2
42,1
42,0
35,3
35,1
34,3
34,1
32,3
32,1
31,4
31,3
31,1
29,3
29,1
20,3
20,2
20,1
19,3
19,2
19,1
12,3
